{"producer":{"name":"Blender","version":"2.79 (sub 0)","exporter_version":"4.6.1","file":"Wolf_model_for_the_blender_game_engine_blend.babylon"},
"autoClear":true,"clearColor":[0.0509,0.0509,0.0509],"ambientColor":[0,0,0],"gravity":[0,-9.81,0],
"materials":[{"name":"Wolf_model_for_the_blender_game_engine_blend.Wolf Claws","id":"Wolf_model_for_the_blender_game_engine_blend.Wolf Claws","ambient":[0.8368,0.797,0.6847],"diffuse":[0.1674,0.1594,0.1369],"specular":[0,0,0],"emissive":[0,0,0],"specularPower":1,"alpha":1,"backFaceCulling":false,"checkReadyOnlyOnce":false},
{"name":"Wolf_model_for_the_blender_game_engine_blend.Cube.003","id":"Wolf_model_for_the_blender_game_engine_blend.Cube.003","ambient":[0,0,0],"diffuse":[0.8,0.8,0.8],"specular":[1,1,1],"emissive":[0,0,0],"specularPower":64,"alpha":1,"backFaceCulling":true,"checkReadyOnlyOnce":false, 
"diffuseTexture":{"name":"Wolf_model_for_the_blender_game_engine_blend_Cube_003_TEXTURE.jpg","level":1,"hasAlpha":0,"coordinatesMode":0,"uOffset":0,"vOffset":0,"uScale":1,"vScale":1,"uAng":0,"vAng":0,"wAng":0,"wrapU":0,"wrapV":0,"coordinatesIndex":0}},
{"name":"Wolf_model_for_the_blender_game_engine_blend.Wolf_Fur","id":"Wolf_model_for_the_blender_game_engine_blend.Wolf_Fur","ambient":[1,0.8698,0.7722],"diffuse":[0.0261,0.0227,0.0202],"specular":[0,0,0],"emissive":[0,0,0],"specularPower":1,"alpha":1,"backFaceCulling":true,"checkReadyOnlyOnce":false, 
"diffuseTexture":{"name":"Wolf_Body.jpg","level":1,"hasAlpha":0,"coordinatesMode":0,"uOffset":0,"vOffset":0,"uScale":1,"vScale":1,"uAng":0,"vAng":0,"wAng":0,"wrapU":1,"wrapV":1,"coordinatesIndex":0}},
{"name":"Wolf_model_for_the_blender_game_engine_blend.Teeth","id":"Wolf_model_for_the_blender_game_engine_blend.Teeth","ambient":[0.8368,0.797,0.6847],"diffuse":[0.1674,0.1594,0.1369],"specular":[0,0,0],"emissive":[0,0,0],"specularPower":1,"alpha":1,"backFaceCulling":true,"checkReadyOnlyOnce":false},
{"name":"Wolf_model_for_the_blender_game_engine_blend.Wolf_Body","id":"Wolf_model_for_the_blender_game_engine_blend.Wolf_Body","ambient":[0.8,0.8,0.8],"diffuse":[0.4724,0.4724,0.4724],"specular":[0,0,0],"emissive":[0,0,0],"specularPower":50,"alpha":1,"backFaceCulling":true,"checkReadyOnlyOnce":false, 
"diffuseTexture":{"name":"Wolf_Body.jpg","level":1,"hasAlpha":1,"coordinatesMode":0,"uOffset":0,"vOffset":0,"uScale":1,"vScale":1,"uAng":0,"vAng":0,"wAng":0,"wrapU":1,"wrapV":1,"coordinatesIndex":0}},
{"name":"Wolf_model_for_the_blender_game_engine_blend.Material.007","id":"Wolf_model_for_the_blender_game_engine_blend.Material.007","ambient":[0.8,0.8,0.8],"diffuse":[0.0711,0.0711,0.0711],"specular":[0,0,0],"emissive":[0,0,0],"specularPower":1,"alpha":1,"backFaceCulling":false,"checkReadyOnlyOnce":false}],
"multiMaterials":[],
"skeletons":[{"name":"Wolf_Skeleton","id":0,"dimensionsAtRest":[0.1574,0.58,0.9316],"bones":[
{"name":"root","index":0,"matrix":[1,0,0,0,0,1,0,0,0,0,-1,0,0,0,0,1],"rest":[1,0,0,0,0,1,0,0,0,0,-1,0,0,0,0,1],"parentBoneIndex":-1,"length":0.1322
,"animation":{"dataType":3,"framePerSecond":24,"keys":[
{"frame":0,"values":[1,0,0,0,0,1,0,0,0,0,-1,0,0,0,0,1]},
{"frame":40,"values":[1,0,0,0,0,1,0,0,0,0,-1,0,0,0,0,1]},
{"frame":51,"values":[1,0,0,0,0,1,0,0,0,0,-1,0,0,0,0,1]},
{"frame":52,"values":[1,0,0,0,0,1,0,0,0,0,-1,0,0,0,0,1]},
{"frame":61,"values":[1,0,0,0,0,1,0,0,0,0,-1,0,0,0,0,1]},
{"frame":100,"values":[1,0,0,0,0,1,0,0,0,0,-1,0,0,0,0,1]},
{"frame":111,"values":[1,0,0,0,0,1,0,0,0,0,-1,0,0,0,0,1]},
{"frame":359,"values":[1,0,0,0,0,1,0,0,0,0,-1,0,0,0,0,1]},
{"frame":371,"values":[1,0,0,0,0,1,0,0,0,0,-1,0,0,0,0,1]},
{"frame":391,"values":[1,0,0,0,0,1,0,0,0,0,-1,0,0,0,0,1]},
{"frame":400,"values":[1,0,0,0,0,1,0,0,0,0,-1,0,0,0,0,1]},
{"frame":417,"values":[1,0,0,0,0,1,0,0,0,0,-1,0,0,0,0,1]},
{"frame":430,"values":[1,0,0,0,0,1,0,0,0,0,-1,0,0,0,0,1]},
{"frame":440,"values":[1,0,0,0,0,1,0,0,0,0,-1,0,0,0,0,1]},
{"frame":451,"values":[1,0,0,0,0,1,0,0,0,0,-1,0,0,0,0,1]},
{"frame":490,"values":[1,0,0,0,0,1,0,0,0,0,-1,0,0,0,0,1]},
{"frame":500,"values":[1,0,0,0,0,1,0,0,0,0,-1,0,0,0,0,1]},
{"frame":1493,"values":[1,0,0,0,0,1,0,0,0,0,-1,0,0,0,0,1]}],"loopBehavior":1,"name":"anim","property":"_matrix"}},
{"name":"Brust.001","index":1,"matrix":[-1,0,0,0,0,-0.097,0.9953,0,0,0.9953,0.097,0,0,0.5107,0.0682,1],"rest":[-1,0,0,0,0,-0.1089,0.994,0,0,0.994,0.1089,0,0,0.5107,0.0682,1],"parentBoneIndex":0,"length":0.1397
,"animation":{"dataType":3,"framePerSecond":24,"keys":[
{"frame":0,"values":[-1,0,0,0,0,-0.097,0.9953,0,0,0.9953,0.097,0,0,0.5107,0.0682,1]},
{"frame":40,"values":[-1,0,0,0,0,-0.097,0.9953,0,0,0.9953,0.097,0,0,0.5107,0.0682,1]},
{"frame":51,"values":[-1,0,0,0,0,-0.1089,0.994,0,0,0.994,0.1089,0,0,0.5107,0.0682,1]},
{"frame":52,"values":[-1,0,0,0,0,-0.1089,0.994,0,0,0.994,0.1089,0,0,0.5107,0.0682,1]},
{"frame":61,"values":[-1,0,0,0,0,-0.1027,0.9947,0,0,0.9947,0.1027,0,0,0.5107,0.0682,1]},
{"frame":100,"values":[-1,0,0,0,0,-0.1027,0.9947,0,0,0.9947,0.1027,0,0,0.5107,0.0682,1]},
{"frame":111,"values":[-1,0,0,0,0,-0.1027,0.9947,0,0,0.9947,0.1027,0,0,0.5107,0.0682,1]},
{"frame":359,"values":[-1,0,0,0,0,-0.1027,0.9947,0,0,0.9947,0.1027,0,0,0.5107,0.0682,1]},
{"frame":371,"values":[-1,0,0,0,0,-0.1027,0.9947,0,0,0.9947,0.1027,0,0,0.5107,0.0682,1]},
{"frame":391,"values":[-1,0,0,0,0,-0.1027,0.9947,0,0,0.9947,0.1027,0,0,0.5107,0.0682,1]},
{"frame":400,"values":[-1,0,0,0,0,-0.1027,0.9947,0,0,0.9947,0.1027,0,0,0.5107,0.0682,1]},
{"frame":417,"values":[-1,0,0,0,0,-0.1027,0.9947,0,0,0.9947,0.1027,0,0,0.5107,0.0682,1]},
{"frame":430,"values":[-1,0,0,0,0,-0.1027,0.9947,0,0,0.9947,0.1027,0,0,0.5107,0.0682,1]},
{"frame":440,"values":[-1,0,0,0,0,-0.1027,0.9947,0,0,0.9947,0.1027,0,0,0.5107,0.0682,1]},
{"frame":451,"values":[-1,0,0,0,0,-0.1027,0.9947,0,0,0.9947,0.1027,0,0,0.5107,0.0682,1]},
{"frame":490,"values":[-1,0,0,0,0,-0.1027,0.9947,0,0,0.9947,0.1027,0,0,0.5107,0.0682,1]},
{"frame":500,"values":[-1,0,0,0,0,-0.097,0.9953,0,0,0.9953,0.097,0,0,0.5107,0.0682,1]},
{"frame":501,"values":[-1,0,0,0,0,-0.0985,0.9951,0,0,0.9951,0.0985,0,0,0.5107,0.0682,1]},
{"frame":502,"values":[-1,0,0,0,0,-0.1,0.995,0,0,0.995,0.1,0,0,0.5107,0.0682,1]},
{"frame":503,"values":[-1,0,0,0,0,-0.1013,0.9949,0,0,0.9949,0.1013,0,0,0.5107,0.0682,1]},
{"frame":504,"values":[-1,0,0,0,0,-0.1026,0.9947,0,0,0.9947,0.1026,0,0,0.5107,0.0682,1]},
{"frame":505,"values":[-1,0,0,0,0,-0.1038,0.9946,0,0,0.9946,0.1038,0,0,0.5107,0.0682,1]},
{"frame":506,"values":[-1,0,0,0,0,-0.1049,0.9945,0,0,0.9945,0.1049,0,0,0.5107,0.0682,1]},
{"frame":507,"values":[-1,0,0,0,0,-0.1058,0.9944,0,0,0.9944,0.1058,0,0,0.5107,0.0682,1]},
{"frame":508,"values":[-1,0,0,0,0,-0.1066,0.9943,0,0,0.9943,0.1066,0,0,0.5107,0.0682,1]},
{"frame":509,"values":[-1,0,0,0,0,-0.1073,0.9942,0,0,0.9942,0.1073,0,0,0.5107,0.0682,1]},
{"frame":510,"values":[-1,0,0,0,0,-0.1079,0.9942,0,0,0.9942,0.1079,0,0,0.5107,0.0682,1]},
{"frame":511,"values":[-1,0,0,0,0,-0.1084,0.9941,0,0,0.9941,0.1084,0,0,0.5107,0.0682,1]},
{"frame":512,"values":[-1,0,0,0,0,-0.1087,0.9941,0,0,0.9941,0.1087,0,0,0.5107,0.0682,1]},
{"frame":513,"values":[-1,0,0,0,0,-0.1089,0.9941,0,0,0.9941,0.1089,0,0,0.5107,0.0682,1]},
{"frame":514,"values":[-1,0,0,0,0,-0.1089,0.994,0,0,0.994,0.1089,0,0,0.5107,0.0682,1]},
{"frame":515,"values":[-1,0,0,0,0,-0.1088,0.9941,0,0,0.9941,0.1088,0,0,0.5107,0.0682,1]},
{"frame":516,"values":[-1,0,0,0,0,-0.1086,0.9941,0,0,0.9941,0.1086,0,0,0.5107,0.0682,1]},
{"frame":517,"values":[-1,0,0,0,0,-0.1081,0.9941,0,0,0.9941,0.1081,0,0,0.5107,0.0682,1]},
{"frame":518,"values":[-1,0,0,0,0,-0.1075,0.9942,0,0,0.9942,0.1075,0,0,0.5107,0.0682,1]},
{"frame":519,"values":[-1,0,0,0,0,-0.1067,0.9943,0,0,0.9943,0.1067,0,0,0.5107,0.0682,1]},
{"frame":520,"values":[-1,0,0,0,0,-0.1058,0.9944,0,0,0.9944,0.1058,0,0,0.5107,0.0682,1]},
{"frame":521,"values":[-1,0,0,0,0,-0.1046,0.9945,0,0,0.9945,0.1046,0,0,0.5107,0.0682,1]},
{"frame":522,"values":[-1,0,0,0,0,-0.1033,0.9946,0,0,0.9946,0.1033,0,0,0.5107,0.0682,1]},
{"frame":523,"values":[-1,0,0,0,0,-0.1019,0.9948,0,0,0.9948,0.1019,0,0,0.5107,0.0682,1]},
{"frame":524,"values":[-1,0,0,0,0,-0.1003,0.995,0,0,0.995,0.1003,0,0,0.5107,0.0682,1]},
{"frame":525,"values":[-1,0,0,0,0,-0.0986,0.9951,0,0,0.9951,0.0986,0,0,0.5107,0.0682,1]},
{"frame":526,"values":[-1,0,0,0,0,-0.0968,0.9953,0,0,0.9953,0.0968,0,0,0.5107,0.0682,1]},
{"frame":527,"values":[-1,0,0,0,0,-0.095,0.9955,0,0,0.9955,0.095,0,0,0.5107,0.0682,1]},
{"frame":528,"values":[-1,0,0,0,0,-0.0931,0.9957,0,0,0.9957,0.0931,0,0,0.5107,0.0682,1]},
{"frame":529,"values":[-1,0,0,0,0,-0.0911,0.9958,0,0,0.9958,0.0911,0,0,0.5107,0.0682,1]},
{"frame":530,"values":[-1,0,0,0,0,-0.0892,0.996,0,0,0.996,0.0892,0,0,0.5107,0.0682,1]},
{"frame":531,"values":[-1,0,0,0,0,-0.0873,0.9962,0,0,0.9962,0.0873,0,0,0.5107,0.0682,1]},
{"frame":532,"values":[-1,0,0,0,0,-0.0855,0.9963,0,0,0.9963,0.0855,0,0,0.5107,0.0682,1]},
{"frame":533,"values":[-1,0,0,0,0,-0.0837,0.9965,0,0,0.9965,0.0837,0,0,0.5107,0.0682,1]},
{"frame":534,"values":[-1,0,0,0,0,-0.0821,0.9966,0,0,0.9966,0.0821,0,0,0.5107,0.0682,1]},
{"frame":535,"values":[-1,0,0,0,0,-0.0806,0.9967,0,0,0.9967,0.0806,0,0,0.5107,0.0682,1]},
{"frame":536,"values":[-1,0,0,0,0,-0.0792,0.9969,0,0,0.9969,0.0792,0,0,0.5107,0.0682,1]},
{"frame":537,"values":[-1,0,0,0,0,-0.078,0.997,0,0,0.997,0.078,0,0,0.5107,0.0682,1]},
{"frame":538,"values":[-1,0,0,0,0,-0.0769,0.997,0,0,0.997,0.0769,0,0,0.5107,0.0682,1]},
{"frame":539,"values":[-1,0,0,0,0,-0.076,0.9971,0,0,0.9971,0.076,0,0,0.5107,0.0682,1]},
{"frame":540,"values":[-1,0,0,0,0,-0.0753,0.9972,0,0,0.9972,0.0753,0,0,0.5107,0.0682,1]},
{"frame":541,"values":[-1,0,0,0,0,-0.0747,0.9972,0,0,0.9972,0.0747,0,0,0.5107,0.0682,1]},
{"frame":542,"values":[-1,0,0,0,0,-0.0744,0.9972,0,0,0.9972,0.0744,0,0,0.5107,0.0682,1]},
{"frame":543,"values":[-1,0,0,0,0,-0.0742,0.9972,0,0,0.9972,0.0742,0,0,0.5107,0.0682,1]},
{"frame":545,"values":[-1,0,0,0,0,-0.0743,0.9972,0,0,0.9972,0.0743,0,0,0.5107,0.0682,1]},
{"frame":546,"values":[-1,0,0,0,0,-0.0746,0.9972,0,0,0.9972,0.0746,0,0,0.5107,0.0682,1]},
{"frame":547,"values":[-1,0,0,0,0,-0.0749,0.9972,0,0,0.9972,0.0749,0,0,0.5107,0.0682,1]},
{"frame":548,"values":[-1,0,0,0,0,-0.0754,0.9972,0,0,0.9972,0.0754,0,0,0.5107,0.0682,1]},
{"frame":549,"values":[-1,0,0,0,0,-0.0761,0.9971,0,0,0.9971,0.0761,0,0,0.5107,0.0682,1]},
{"frame":550,"values":[-1,0,0,0,0,-0.0768,0.997,0,0,0.997,0.0768,0,0,0.5107,0.0682,1]},
{"frame":551,"values":[-1,0,0,0,0,-0.0777,0.997,0,0,0.997,0.0777,0,0,0.5107,0.0682,1]},
{"frame":552,"values":[-1,0,0,0,0,-0.0787,0.9969,0,0,0.9969,0.0787,0,0,0.5107,0.0682,1]},
{"frame":553,"values":[-1,0,0,0,0,-0.0798,0.9968,0,0,0.9968,0.0798,0,0,0.5107,0.0682,1]},
{"frame":554,"values":[-1,0,0,0,0,-0.0811,0.9967,0,0,0.9967,0.0811,0,0,0.5107,0.0682,1]},
{"frame":555,"values":[-1,0,0,0,0,-0.0824,0.9966,0,0,0.9966,0.0824,0,0,0.5107,0.0682,1]},
{"frame":556,"values":[-1,0,0,0,0,-0.0838,0.9965,0,0,0.9965,0.0838,0,0,0.5107,0.0682,1]},
{"frame":557,"values":[-1,0,0,0,0,-0.0853,0.9964,0,0,0.9964,0.0853,0,0,0.5107,0.0682,1]},
{"frame":558,"values":[-1,0,0,0,0,-0.0868,0.9962,0,0,0.9962,0.0868,0,0,0.5107,0.0682,1]},
{"frame":559,"values":[-1,0,0,0,0,-0.0884,0.9961,0,0,0.9961,0.0884,0,0,0.5107,0.0682,1]},
{"frame":560,"values":[-1,0,0,0,0,-0.09,0.9959,0,0,0.9959,0.09,0,0,0.5107,0.0682,1]},
{"frame":561,"values":[-1,0,0,0,0,-0.0917,0.9958,0,0,0.9958,0.0917,0,0,0.5107,0.0682,1]},
{"frame":562,"values":[-1,0,0,0,0,-0.0933,0.9956,0,0,0.9956,0.0933,0,0,0.5107,0.0682,1]},
{"frame":563,"values":[-1,0,0,0,0,-0.0949,0.9955,0,0,0.9955,0.0949,0,0,0.5107,0.0682,1]},
{"frame":564,"values":[-1,0,0,0,0,-0.0965,0.9953,0,0,0.9953,0.0965,0,0,0.5107,0.0682,1]},
{"frame":565,"values":[-1,0,0,0,0,-0.0981,0.9952,0,0,0.9952,0.0981,0,0,0.5107,0.0682,1]},
{"frame":566,"values":[-1,0,0,0,0,-0.0995,0.995,0,0,0.995,0.0995,0,0,0.5107,0.0682,1]},
{"frame":567,"values":[-1,0,0,0,0,-0.1009,0.9949,0,0,0.9949,0.1009,0,0,0.5107,0.0682,1]},
{"frame":568,"values":[-1,0,0,0,0,-0.1022,0.9948,0,0,0.9948,0.1022,0,0,0.5107,0.0682,1]},
{"frame":569,"values":[-1,0,0,0,0,-0.1034,0.9946,0,0,0.9946,0.1034,0,0,0.5107,0.0682,1]},
{"frame":570,"values":[-1,0,0,0,0,-0.1045,0.9945,0,0,0.9945,0.1045,0,0,0.5107,0.0682,1]},
{"frame":571,"values":[-1,0,0,0,0,-0.1055,0.9944,0,0,0.9944,0.1055,0,0,0.5107,0.0682,1]},
{"frame":572,"values":[-1,0,0,0,0,-0.1064,0.9943,0,0,0.9943,0.1064,0,0,0.5107,0.0682,1]},
{"frame":573,"values":[-1,0,0,0,0,-0.1071,0.9942,0,0,0.9942,0.1071,0,0,0.5107,0.0682,1]},
{"frame":574,"values":[-1,0,0,0,0,-0.1077,0.9942,0,0,0.9942,0.1077,0,0,0.5107,0.0682,1]},
{"frame":575,"values":[-1,0,0,0,0,-0.1082,0.9941,0,0,0.9941,0.1082,0,0,0.5107,0.0682,1]},
{"frame":576,"values":[-1,0,0,0,0,-0.1086,0.9941,0,0,0.9941,0.1086,0,0,0.5107,0.0682,1]},
{"frame":577,"values":[-1,0,0,0,0,-0.1088,0.9941,0,0,0.9941,0.1088,0,0,0.5107,0.0682,1]},
{"frame":578,"values":[-1,0,0,0,0,-0.1089,0.9941,0,0,0.9941,0.1089,0,0,0.5107,0.0682,1]},
{"frame":580,"values":[-1,0,0,0,0,-0.1087,0.9941,0,0,0.9941,0.1087,0,0,0.5107,0.0682,1]},
{"frame":581,"values":[-1,0,0,0,0,-0.1083,0.9941,0,0,0.9941,0.1083,0,0,0.5107,0.0682,1]},
{"frame":582,"values":[-1,0,0,0,0,-0.1077,0.9942,0,0,0.9942,0.1077,0,0,0.5107,0.0682,1]},
{"frame":583,"values":[-1,0,0,0,0,-0.107,0.9943,0,0,0.9943,0.107,0,0,0.5107,0.0682,1]},
{"frame":584,"values":[-1,0,0,0,0,-0.1061,0.9944,0,0,0.9944,0.1061,0,0,0.5107,0.0682,1]},
{"frame":585,"values":[-1,0,0,0,0,-0.105,0.9945,0,0,0.9945,0.105,0,0,0.5107,0.0682,1]},
{"frame":586,"values":[-1,0,0,0,0,-0.1037,0.9946,0,0,0.9946,0.1037,0,0,0.5107,0.0682,1]},
{"frame":587,"values":[-1,0,0,0,0,-0.1023,0.9947,0,0,0.9947,0.1023,0,0,0.5107,0.0682,1]},
{"frame":588,"values":[-1,0,0,0,0,-0.1008,0.9949,0,0,0.9949,0.1008,0,0,0.5107,0.0682,1]},
{"frame":589,"values":[-1,0,0,0,0,-0.0991,0.9951,0,0,0.9951,0.0991,0,0,0.5107,0.0682,1]},
{"frame":590,"values":[-1,0,0,0,0,-0.0974,0.9952,0,0,0.9952,0.0974,0,0,0.5107,0.0682,1]},
{"frame":591,"values":[-1,0,0,0,0,-0.0955,0.9954,0,0,0.9954,0.0955,0,0,0.5107,0.0682,1]},
{"frame":592,"values":[-1,0,0,0,0,-0.0937,0.9956,0,0,0.9956,0.0937,0,0,0.5107,0.0682,1]},
{"frame":593,"values":[-1,0,0,0,0,-0.0917,0.9958,0,0,0.9958,0.0917,0,0,0.5107,0.0682,1]},
{"frame":594,"values":[-1,0,0,0,0,-0.0898,0.996,0,0,0.996,0.0898,0,0,0.5107,0.0682,1]},
{"frame":595,"values":[-1,0,0,0,0,-0.0879,0.9961,0,0,0.9961,0.0879,0,0,0.5107,0.0682,1]},
{"frame":596,"values":[-1,0,0,0,0,-0.086,0.9963,0,0,0.9963,0.086,0,0,0.5107,0.0682,1]},
{"frame":597,"values":[-1,0,0,0,0,-0.0843,0.9964,0,0,0.9964,0.0843,0,0,0.5107,0.0682,1]},
{"frame":598,"values":[-1,0,0,0,0,-0.0826,0.9966,0,0,0.9966,0.0826,0,0,0.5107,0.0682,1]},
{"frame":599,"values":[-1,0,0,0,0,-0.081,0.9967,0,0,0.9967,0.081,0,0,0.5107,0.0682,1]},
{"frame":600,"values":[-1,0,0,0,0,-0.0796,0.9968,0,0,0.9968,0.0796,0,0,0.5107,0.0682,1]},
{"frame":601,"values":[-1,0,0,0,0,-0.0783,0.9969,0,0,0.9969,0.0783,0,0,0.5107,0.0682,1]},
{"frame":602,"values":[-1,0,0,0,0,-0.0772,0.997,0,0,0.997,0.0772,0,0,0.5107,0.0682,1]},
{"frame":603,"values":[-1,0,0,0,0,-0.0763,0.9971,0,0,0.9971,0.0763,0,0,0.5107,0.0682,1]},
{"frame":604,"values":[-1,0,0,0,0,-0.0755,0.9971,0,0,0.9971,0.0755,0,0,0.5107,0.0682,1]},
{"frame":605,"values":[-1,0,0,0,0,-0.0749,0.9972,0,0,0.9972,0.0749,0,0,0.5107,0.0682,1]},
{"frame":606,"values":[-1,0,0,0,0,-0.0745,0.9972,0,0,0.9972,0.0745,0,0,0.5107,0.0682,1]},
{"frame":607,"values":[-1,0,0,0,0,-0.0742,0.9972,0,0,0.9972,0.0742,0,0,0.5107,0.0682,1]},
{"frame":609,"values":[-1,0,0,0,0,-0.0743,0.9972,0,0,0.9972,0.0743,0,0,0.5107,0.0682,1]},
{"frame":610,"values":[-1,0,0,0,0,-0.0745,0.9972,0,0,0.9972,0.0745,0,0,0.5107,0.0682,1]},
{"frame":611,"values":[-1,0,0,0,0,-0.0748,0.9972,0,0,0.9972,0.0748,0,0,0.5107,0.0682,1]},
{"frame":612,"values":[-1,0,0,0,0,-0.0753,0.9972,0,0,0.9972,0.0753,0,0,0.5107,0.0682,1]},
{"frame":613,"values":[-1,0,0,0,0,-0.0759,0.9971,0,0,0.9971,0.0759,0,0,0.5107,0.0682,1]},
{"frame":614,"values":[-1,0,0,0,0,-0.0766,0.9971,0,0,0.9971,0.0766,0,0,0.5107,0.0682,1]},
{"frame":615,"values":[-1,0,0,0,0,-0.0774,0.997,0,0,0.997,0.0774,0,0,0.5107,0.0682,1]},
{"frame":616,"values":[-1,0,0,0,0,-0.0784,0.9969,0,0,0.9969,0.0784,0,0,0.5107,0.0682,1]},
{"frame":617,"values":[-1,0,0,0,0,-0.0795,0.9968,0,0,0.9968,0.0795,0,0,0.5107,0.0682,1]},
{"frame":618,"values":[-1,0,0,0,0,-0.0807,0.9967,0,0,0.9967,0.0807,0,0,0.5107,0.0682,1]},
{"frame":619,"values":[-1,0,0,0,0,-0.082,0.9966,0,0,0.9966,0.082,0,0,0.5107,0.0682,1]},
{"frame":620,"values":[-1,0,0,0,0,-0.0834,0.9965,0,0,0.9965,0.0834,0,0,0.5107,0.0682,1]},
{"frame":621,"values":[-1,0,0,0,0,-0.0848,0.9964,0,0,0.9964,0.0848,0,0,0.5107,0.0682,1]},
{"frame":622,"values":[-1,0,0,0,0,-0.0863,0.9963,0,0,0.9963,0.0863,0,0,0.5107,0.0682,1]},
{"frame":623,"values":[-1,0,0,0,0,-0.0879,0.9961,0,0,0.9961,0.0879,0,0,0.5107,0.0682,1]},
{"frame":624,"values":[-1,0,0,0,0,-0.0895,0.996,0,0,0.996,0.0895,0,0,0.5107,0.0682,1]},
{"frame":625,"values":[-1,0,0,0,0,-0.0912,0.9958,0,0,0.9958,0.0912,0,0,0.5107,0.0682,1]},
{"frame":626,"values":[-1,0,0,0,0,-0.0928,0.9957,0,0,0.9957,0.0928,0,0,0.5107,0.0682,1]},
{"frame":627,"values":[-1,0,0,0,0,-0.0944,0.9955,0,0,0.9955,0.0944,0,0,0.5107,0.0682,1]},
{"frame":628,"values":[-1,0,0,0,0,-0.096,0.9954,0,0,0.9954,0.096,0,0,0.5107,0.0682,1]},
{"frame":629,"values":[-1,0,0,0,0,-0.0976,0.9952,0,0,0.9952,0.0976,0,0,0.5107,0.0682,1]},
{"frame":630,"values":[-1,0,0,0,0,-0.0991,0.9951,0,0,0.9951,0.0991,0,0,0.5107,0.0682,1]},
{"frame":631,"values":[-1,0,0,0,0,-0.1005,0.9949,0,0,0.9949,0.1005,0,0,0.5107,0.0682,1]},
{"frame":632,"values":[-1,0,0,0,0,-0.1018,0.9948,0,0,0.9948,0.1018,0,0,0.5107,0.0682,1]},
{"frame":633,"values":[-1,0,0,0,0,-0.1031,0.9947,0,0,0.9947,0.1031,0,0,0.5107,0.0682,1]},
{"frame":634,"values":[-1,0,0,0,0,-0.1042,0.9946,0,0,0.9946,0.1042,0,0,0.5107,0.0682,1]},
{"frame":635,"values":[-1,0,0,0,0,-0.1052,0.9944,0,0,0.9944,0.1052,0,0,0.5107,0.0682,1]},
{"frame":636,"values":[-1,0,0,0,0,-0.1061,0.9944,0,0,0.9944,0.1061,0,0,0.5107,0.0682,1]},
{"frame":637,"values":[-1,0,0,0,0,-0.1069,0.9943,0,0,0.9943,0.1069,0,0,0.5107,0.0682,1]},
{"frame":638,"values":[-1,0,0,0,0,-0.1076,0.9942,0,0,0.9942,0.1076,0,0,0.5107,0.0682,1]},
{"frame":639,"values":[-1,0,0,0,0,-0.1081,0.9941,0,0,0.9941,0.1081,0,0,0.5107,0.0682,1]},
{"frame":640,"values":[-1,0,0,0,0,-0.1085,0.9941,0,0,0.9941,0.1085,0,0,0.5107,0.0682,1]},
{"frame":641,"values":[-1,0,0,0,0,-0.1088,0.9941,0,0,0.9941,0.1088,0,0,0.5107,0.0682,1]},
{"frame":642,"values":[-1,0,0,0,0,-0.1089,0.9941,0,0,0.9941,0.1089,0,0,0.5107,0.0682,1]},
{"frame":644,"values":[-1,0,0,0,0,-0.1088,0.9941,0,0,0.9941,0.1088,0,0,0.5107,0.0682,1]},
{"frame":645,"values":[-1,0,0,0,0,-0.1084,0.9941,0,0,0.9941,0.1084,0,0,0.5107,0.0682,1]},
{"frame":646,"values":[-1,0,0,0,0,-0.1079,0.9942,0,0,0.9942,0.1079,0,0,0.5107,0.0682,1]},
{"frame":647,"values":[-1,0,0,0,0,-0.1072,0.9942,0,0,0.9942,0.1072,0,0,0.5107,0.0682,1]},
{"frame":648,"values":[-1,0,0,0,0,-0.1064,0.9943,0,0,0.9943,0.1064,0,0,0.5107,0.0682,1]},
{"frame":649,"values":[-1,0,0,0,0,-0.1053,0.9944,0,0,0.9944,0.1053,0,0,0.5107,0.0682,1]},
{"frame":650,"values":[-1,0,0,0,0,-0.1041,0.9946,0,0,0.9946,0.1041,0,0,0.5107,0.0682,1]},
{"frame":651,"values":[-1,0,0,0,0,-0.1028,0.9947,0,0,0.9947,0.1028,0,0,0.5107,0.0682,1]},
{"frame":652,"values":[-1,0,0,0,0,-0.1013,0.9949,0,0,0.9949,0.1013,0,0,0.5107,0.0682,1]},
{"frame":653,"values":[-1,0,0,0,0,-0.0997,0.995,0,0,0.995,0.0997,0,0,0.5107,0.0682,1]},
{"frame":654,"values":[-1,0,0,0,0,-0.0979,0.9952,0,0,0.9952,0.0979,0,0,0.5107,0.0682,1]},
{"frame":655,"values":[-1,0,0,0,0,-0.0961,0.9954,0,0,0.9954,0.0961,0,0,0.5107,0.0682,1]},
{"frame":656,"values":[-1,0,0,0,0,-0.0942,0.9955,0,0,0.9955,0.0942,0,0,0.5107,0.0682,1]},
{"frame":657,"values":[-1,0,0,0,0,-0.0923,0.9957,0,0,0.9957,0.0923,0,0,0.5107,0.0682,1]},
{"frame":658,"values":[-1,0,0,0,0,-0.0904,0.9959,0,0,0.9959,0.0904,0,0,0.5107,0.0682,1]},
{"frame":659,"values":[-1,0,0,0,0,-0.0885,0.9961,0,0,0.9961,0.0885,0,0,0.5107,0.0682,1]},
{"frame":660,"values":[-1,0,0,0,0,-0.0866,0.9962,0,0,0.9962,0.0866,0,0,0.5107,0.0682,1]},
{"frame":661,"values":[-1,0,0,0,0,-0.0848,0.9964,0,0,0.9964,0.0848,0,0,0.5107,0.0682,1]},
{"frame":662,"values":[-1,0,0,0,0,-0.0831,0.9965,0,0,0.9965,0.0831,0,0,0.5107,0.0682,1]},
{"frame":663,"values":[-1,0,0,0,0,-0.0815,0.9967,0,0,0.9967,0.0815,0,0,0.5107,0.0682,1]},
{"frame":664,"values":[-1,0,0,0,0,-0.08,0.9968,0,0,0.9968,0.08,0,0,0.5107,0.0682,1]},
{"frame":665,"values":[-1,0,0,0,0,-0.0787,0.9969,0,0,0.9969,0.0787,0,0,0.5107,0.0682,1]},
{"frame":666,"values":[-1,0,0,0,0,-0.0775,0.997,0,0,0.997,0.0775,0,0,0.5107,0.0682,1]},
{"frame":667,"values":[-1,0,0,0,0,-0.0765,0.9971,0,0,0.9971,0.0765,0,0,0.5107,0.0682,1]},
{"frame":668,"values":[-1,0,0,0,0,-0.0757,0.9971,0,0,0.9971,0.0757,0,0,0.5107,0.0682,1]},
{"frame":669,"values":[-1,0,0,0,0,-0.0751,0.9972,0,0,0.9972,0.0751,0,0,0.5107,0.0682,1]},
{"frame":670,"values":[-1,0,0,0,0,-0.0746,0.9972,0,0,0.9972,0.0746,0,0,0.5107,0.0682,1]},
{"frame":671,"values":[-1,0,0,0,0,-0.0743,0.9972,0,0,0.9972,0.0743,0,0,0.5107,0.0682,1]},
{"frame":672,"values":[-1,0,0,0,0,-0.0742,0.9972,0,0,0.9972,0.0742,0,0,0.5107,0.0682,1]},
{"frame":674,"values":[-1,0,0,0,0,-0.0744,0.9972,0,0,0.9972,0.0744,0,0,0.5107,0.0682,1]},
{"frame":675,"values":[-1,0,0,0,0,-0.0747,0.9972,0,0,0.9972,0.0747,0,0,0.5107,0.0682,1]},
{"frame":676,"values":[-1,0,0,0,0,-0.0751,0.9972,0,0,0.9972,0.0751,0,0,0.5107,0.0682,1]},
{"frame":677,"values":[-1,0,0,0,0,-0.0757,0.9971,0,0,0.9971,0.0757,0,0,0.5107,0.0682,1]},
{"frame":678,"values":[-1,0,0,0,0,-0.0764,0.9971,0,0,0.9971,0.0764,0,0,0.5107,0.0682,1]},
{"frame":679,"values":[-1,0,0,0,0,-0.0772,0.997,0,0,0.997,0.0772,0,0,0.5107,0.0682,1]},
{"frame":680,"values":[-1,0,0,0,0,-0.0781,0.9969,0,0,0.9969,0.0781,0,0,0.5107,0.0682,1]},
{"frame":681,"values":[-1,0,0,0,0,-0.0791,0.9969,0,0,0.9969,0.0791,0,0,0.5107,0.0682,1]},
{"frame":682,"values":[-1,0,0,0,0,-0.0803,0.9968,0,0,0.9968,0.0803,0,0,0.5107,0.0682,1]},
{"frame":683,"values":[-1,0,0,0,0,-0.0816,0.9967,0,0,0.9967,0.0816,0,0,0.5107,0.0682,1]},
{"frame":684,"values":[-1,0,0,0,0,-0.0829,0.9966,0,0,0.9966,0.0829,0,0,0.5107,0.0682,1]},
{"frame":685,"values":[-1,0,0,0,0,-0.0844,0.9964,0,0,0.9964,0.0844,0,0,0.5107,0.0682,1]},
{"frame":686,"values":[-1,0,0,0,0,-0.0859,0.9963,0,0,0.9963,0.0859,0,0,0.5107,0.0682,1]},
{"frame":687,"values":[-1,0,0,0,0,-0.0874,0.9962,0,0,0.9962,0.0874,0,0,0.5107,0.0682,1]},
{"frame":688,"values":[-1,0,0,0,0,-0.089,0.996,0,0,0.996,0.089,0,0,0.5107,0.0682,1]},
{"frame":689,"values":[-1,0,0,0,0,-0.0907,0.9959,0,0,0.9959,0.0907,0,0,0.5107,0.0682,1]},
{"frame":690,"values":[-1,0,0,0,0,-0.0923,0.9957,0,0,0.9957,0.0923,0,0,0.5107,0.0682,1]},
{"frame":691,"values":[-1,0,0,0,0,-0.0939,0.9956,0,0,0.9956,0.0939,0,0,0.5107,0.0682,1]},
{"frame":692,"values":[-1,0,0,0,0,-0.0955,0.9954,0,0,0.9954,0.0955,0,0,0.5107,0.0682,1]},
{"frame":693,"values":[-1,0,0,0,0,-0.0971,0.9953,0,0,0.9953,0.0971,0,0,0.5107,0.0682,1]},
{"frame":694,"values":[-1,0,0,0,0,-0.0986,0.9951,0,0,0.9951,0.0986,0,0,0.5107,0.0682,1]},
{"frame":695,"values":[-1,0,0,0,0,-0.1001,0.995,0,0,0.995,0.1001,0,0,0.5107,0.0682,1]},
{"frame":696,"values":[-1,0,0,0,0,-0.1014,0.9948,0,0,0.9948,0.1014,0,0,0.5107,0.0682,1]},
{"frame":697,"values":[-1,0,0,0,0,-0.1027,0.9947,0,0,0.9947,0.1027,0,0,0.5107,0.0682,1]},
{"frame":698,"values":[-1,0,0,0,0,-0.1039,0.9946,0,0,0.9946,0.1039,0,0,0.5107,0.0682,1]},
{"frame":699,"values":[-1,0,0,0,0,-0.1049,0.9945,0,0,0.9945,0.1049,0,0,0.5107,0.0682,1]},
{"frame":700,"values":[-1,0,0,0,0,-0.1059,0.9944,0,0,0.9944,0.1059,0,0,0.5107,0.0682,1]},
{"frame":701,"values":[-1,0,0,0,0,-0.1067,0.9943,0,0,0.9943,0.1067,0,0,0.5107,0.0682,1]},
{"frame":702,"values":[-1,0,0,0,0,-0.1074,0.9942,0,0,0.9942,0.1074,0,0,0.5107,0.0682,1]},
{"frame":703,"values":[-1,0,0,0,0,-0.1079,0.9942,0,0,0.9942,0.1079,0,0,0.5107,0.0682,1]},
{"frame":704,"values":[-1,0,0,0,0,-0.1084,0.9941,0,0,0.9941,0.1084,0,0,0.5107,0.0682,1]},
{"frame":705,"values":[-1,0,0,0,0,-0.1087,0.9941,0,0,0.9941,0.1087,0,0,0.5107,0.0682,1]},
{"frame":706,"values":[-1,0,0,0,0,-0.1089,0.9941,0,0,0.9941,0.1089,0,0,0.5107,0.0682,1]},
{"frame":707,"values":[-1,0,0,0,0,-0.1089,0.994,0,0,0.994,0.1089,0,0,0.5107,0.0682,1]},
{"frame":708,"values":[-1,0,0,0,0,-0.1088,0.9941,0,0,0.9941,0.1088,0,0,0.5107,0.0682,1]},
{"frame":709,"values":[-1,0,0,0,0,-0.1086,0.9941,0,0,0.9941,0.1086,0,0,0.5107,0.0682,1]},
{"frame":710,"values":[-1,0,0,0,0,-0.1081,0.9941,0,0,0.9941,0.1081,0,0,0.5107,0.0682,1]},
{"frame":711,"values":[-1,0,0,0,0,-0.1075,0.9942,0,0,0.9942,0.1075,0,0,0.5107,0.0682,1]},
{"frame":712,"values":[-1,0,0,0,0,-0.1067,0.9943,0,0,0.9943,0.1067,0,0,0.5107,0.0682,1]},
{"frame":713,"values":[-1,0,0,0,0,-0.1057,0.9944,0,0,0.9944,0.1057,0,0,0.5107,0.0682,1]},
{"frame":714,"values":[-1,0,0,0,0,-0.1045,0.9945,0,0,0.9945,0.1045,0,0,0.5107,0.0682,1]},
{"frame":715,"values":[-1,0,0,0,0,-0.1032,0.9947,0,0,0.9947,0.1032,0,0,0.5107,0.0682,1]},
{"frame":716,"values":[-1,0,0,0,0,-0.1018,0.9948,0,0,0.9948,0.1018,0,0,0.5107,0.0682,1]},
{"frame":717,"values":[-1,0,0,0,0,-0.1002,0.995,0,0,0.995,0.1002,0,0,0.5107,0.0682,1]},
{"frame":718,"values":[-1,0,0,0,0,-0.0985,0.9951,0,0,0.9951,0.0985,0,0,0.5107,0.0682,1]},
{"frame":719,"values":[-1,0,0,0,0,-0.0967,0.9953,0,0,0.9953,0.0967,0,0,0.5107,0.0682,1]},
{"frame":720,"values":[-1,0,0,0,0,-0.0948,0.9955,0,0,0.9955,0.0948,0,0,0.5107,0.0682,1]},
{"frame":721,"values":[-1,0,0,0,0,-0.0929,0.9957,0,0,0.9957,0.0929,0,0,0.5107,0.0682,1]},
{"frame":722,"values":[-1,0,0,0,0,-0.091,0.9959,0,0,0.9959,0.091,0,0,0.5107,0.0682,1]},
{"frame":723,"values":[-1,0,0,0,0,-0.0891,0.996,0,0,0.996,0.0891,0,0,0.5107,0.0682,1]},
{"frame":724,"values":[-1,0,0,0,0,-0.0872,0.9962,0,0,0.9962,0.0872,0,0,0.5107,0.0682,1]},
{"frame":725,"values":[-1,0,0,0,0,-0.0854,0.9964,0,0,0.9964,0.0854,0,0,0.5107,0.0682,1]},
{"frame":726,"values":[-1,0,0,0,0,-0.0836,0.9965,0,0,0.9965,0.0836,0,0,0.5107,0.0682,1]},
{"frame":727,"values":[-1,0,0,0,0,-0.082,0.9966,0,0,0.9966,0.082,0,0,0.5107,0.0682,1]},
{"frame":728,"values":[-1,0,0,0,0,-0.0805,0.9968,0,0,0.9968,0.0805,0,0,0.5107,0.0682,1]},
{"frame":729,"values":[-1,0,0,0,0,-0.0791,0.9969,0,0,0.9969,0.0791,0,0,0.5107,0.0682,1]},
{"frame":730,"values":[-1,0,0,0,0,-0.0779,0.997,0,0,0.997,0.0779,0,0,0.5107,0.0682,1]},
{"frame":731,"values":[-1,0,0,0,0,-0.0768,0.997,0,0,0.997,0.0768,0,0,0.5107,0.0682,1]},
{"frame":732,"values":[-1,0,0,0,0,-0.0759,0.9971,0,0,0.9971,0.0759,0,0,0.5107,0.0682,1]},
{"frame":733,"values":[-1,0,0,0,0,-0.0752,0.9972,0,0,0.9972,0.0752,0,0,0.5107,0.0682,1]},
{"frame":734,"values":[-1,0,0,0,0,-0.0747,0.9972,0,0,0.9972,0.0747,0,0,0.5107,0.0682,1]},
{"frame":735,"values":[-1,0,0,0,0,-0.0744,0.9972,0,0,0.9972,0.0744,0,0,0.5107,0.0682,1]},
{"frame":736,"values":[-1,0,0,0,0,-0.0742,0.9972,0,0,0.9972,0.0742,0,0,0.5107,0.0682,1]},
{"frame":738,"values":[-1,0,0,0,0,-0.0743,0.9972,0,0,0.9972,0.0743,0,0,0.5107,0.0682,1]},
{"frame":739,"values":[-1,0,0,0,0,-0.0746,0.9972,0,0,0.9972,0.0746,0,0,0.5107,0.0682,1]},
{"frame":740,"values":[-1,0,0,0,0,-0.075,0.9972,0,0,0.9972,0.075,0,0,0.5107,0.0682,1]},
{"frame":741,"values":[-1,0,0,0,0,-0.0755,0.9971,0,0,0.9971,0.0755,0,0,0.5107,0.0682,1]},
{"frame":742,"values":[-1,0,0,0,0,-0.0761,0.9971,0,0,0.9971,0.0761,0,0,0.5107,0.0682,1]},
{"frame":743,"values":[-1,0,0,0,0,-0.0769,0.997,0,0,0.997,0.0769,0,0,0.5107,0.0682,1]},
{"frame":744,"values":[-1,0,0,0,0,-0.0778,0.997,0,0,0.997,0.0778,0,0,0.5107,0.0682,1]},
{"frame":745,"values":[-1,0,0,0,0,-0.0788,0.9969,0,0,0.9969,0.0788,0,0,0.5107,0.0682,1]},
{"frame":746,"values":[-1,0,0,0,0,-0.0799,0.9968,0,0,0.9968,0.0799,0,0,0.5107,0.0682,1]},
{"frame":747,"values":[-1,0,0,0,0,-0.0812,0.9967,0,0,0.9967,0.0812,0,0,0.5107,0.0682,1]},
{"frame":748,"values":[-1,0,0,0,0,-0.0825,0.9966,0,0,0.9966,0.0825,0,0,0.5107,0.0682,1]},
{"frame":749,"values":[-1,0,0,0,0,-0.0839,0.9965,0,0,0.9965,0.0839,0,0,0.5107,0.0682,1]},
{"frame":750,"values":[-1,0,0,0,0,-0.0854,0.9963,0,0,0.9963,0.0854,0,0,0.5107,0.0682,1]},
{"frame":751,"values":[-1,0,0,0,0,-0.0869,0.9962,0,0,0.9962,0.0869,0,0,0.5107,0.0682,1]},
{"frame":752,"values":[-1,0,0,0,0,-0.0885,0.9961,0,0,0.9961,0.0885,0,0,0.5107,0.0682,1]},
{"frame":753,"values":[-1,0,0,0,0,-0.0902,0.9959,0,0,0.9959,0.0902,0,0,0.5107,0.0682,1]},
{"frame":754,"values":[-1,0,0,0,0,-0.0918,0.9958,0,0,0.9958,0.0918,0,0,0.5107,0.0682,1]},
{"frame":755,"values":[-1,0,0,0,0,-0.0934,0.9956,0,0,0.9956,0.0934,0,0,0.5107,0.0682,1]},
{"frame":756,"values":[-1,0,0,0,0,-0.0951,0.9955,0,0,0.9955,0.0951,0,0,0.5107,0.0682,1]},
{"frame":757,"values":[-1,0,0,0,0,-0.0966,0.9953,0,0,0.9953,0.0966,0,0,0.5107,0.0682,1]},
{"frame":758,"values":[-1,0,0,0,0,-0.0982,0.9952,0,0,0.9952,0.0982,0,0,0.5107,0.0682,1]},
{"frame":759,"values":[-1,0,0,0,0,-0.0996,0.995,0,0,0.995,0.0996,0,0,0.5107,0.0682,1]},
{"frame":760,"values":[-1,0,0,0,0,-0.101,0.9949,0,0,0.9949,0.101,0,0,0.5107,0.0682,1]},
{"frame":761,"values":[-1,0,0,0,0,-0.1023,0.9948,0,0,0.9948,0.1023,0,0,0.5107,0.0682,1]},
{"frame":762,"values":[-1,0,0,0,0,-0.1035,0.9946,0,0,0.9946,0.1035,0,0,0.5107,0.0682,1]},
{"frame":763,"values":[-1,0,0,0,0,-0.1046,0.9945,0,0,0.9945,0.1046,0,0,0.5107,0.0682,1]},
{"frame":764,"values":[-1,0,0,0,0,-0.1056,0.9944,0,0,0.9944,0.1056,0,0,0.5107,0.0682,1]},
{"frame":765,"values":[-1,0,0,0,0,-0.1064,0.9943,0,0,0.9943,0.1064,0,0,0.5107,0.0682,1]},
{"frame":766,"values":[-1,0,0,0,0,-0.1072,0.9942,0,0,0.9942,0.1072,0,0,0.5107,0.0682,1]},
{"frame":767,"values":[-1,0,0,0,0,-0.1078,0.9942,0,0,0.9942,0.1078,0,0,0.5107,0.0682,1]},
{"frame":768,"values":[-1,0,0,0,0,-0.1083,0.9941,0,0,0.9941,0.1083,0,0,0.5107,0.0682,1]},
{"frame":769,"values":[-1,0,0,0,0,-0.1086,0.9941,0,0,0.9941,0.1086,0,0,0.5107,0.0682,1]},
{"frame":770,"values":[-1,0,0,0,0,-0.1088,0.9941,0,0,0.9941,0.1088,0,0,0.5107,0.0682,1]},
{"frame":771,"values":[-1,0,0,0,0,-0.1089,0.994,0,0,0.994,0.1089,0,0,0.5107,0.0682,1]},
{"frame":772,"values":[-1,0,0,0,0,-0.1089,0.9941,0,0,0.9941,0.1089,0,0,0.5107,0.0682,1]},
{"frame":773,"values":[-1,0,0,0,0,-0.1087,0.9941,0,0,0.9941,0.1087,0,0,0.5107,0.0682,1]},
{"frame":774,"values":[-1,0,0,0,0,-0.1083,0.9941,0,0,0.9941,0.1083,0,0,0.5107,0.0682,1]},
{"frame":775,"values":[-1,0,0,0,0,-0.1077,0.9942,0,0,0.9942,0.1077,0,0,0.5107,0.0682,1]},
{"frame":776,"values":[-1,0,0,0,0,-0.1069,0.9943,0,0,0.9943,0.1069,0,0,0.5107,0.0682,1]},
{"frame":777,"values":[-1,0,0,0,0,-0.106,0.9944,0,0,0.9944,0.106,0,0,0.5107,0.0682,1]},
{"frame":778,"values":[-1,0,0,0,0,-0.1049,0.9945,0,0,0.9945,0.1049,0,0,0.5107,0.0682,1]},
{"frame":779,"values":[-1,0,0,0,0,-0.1036,0.9946,0,0,0.9946,0.1036,0,0,0.5107,0.0682,1]},
{"frame":780,"values":[-1,0,0,0,0,-0.1022,0.9948,0,0,0.9948,0.1022,0,0,0.5107,0.0682,1]},
{"frame":781,"values":[-1,0,0,0,0,-0.1007,0.9949,0,0,0.9949,0.1007,0,0,0.5107,0.0682,1]},
{"frame":782,"values":[-1,0,0,0,0,-0.099,0.9951,0,0,0.9951,0.099,0,0,0.5107,0.0682,1]},
{"frame":783,"values":[-1,0,0,0,0,-0.0973,0.9953,0,0,0.9953,0.0973,0,0,0.5107,0.0682,1]},
{"frame":784,"values":[-1,0,0,0,0,-0.0954,0.9954,0,0,0.9954,0.0954,0,0,0.5107,0.0682,1]},
{"frame":785,"values":[-1,0,0,0,0,-0.0935,0.9956,0,0,0.9956,0.0935,0,0,0.5107,0.0682,1]},
{"frame":786,"values":[-1,0,0,0,0,-0.0916,0.9958,0,0,0.9958,0.0916,0,0,0.5107,0.0682,1]},
{"frame":787,"values":[-1,0,0,0,0,-0.0897,0.996,0,0,0.996,0.0897,0,0,0.5107,0.0682,1]},
{"frame":788,"values":[-1,0,0,0,0,-0.0878,0.9961,0,0,0.9961,0.0878,0,0,0.5107,0.0682,1]},
{"frame":789,"values":[-1,0,0,0,0,-0.0859,0.9963,0,0,0.9963,0.0859,0,0,0.5107,0.0682,1]},
{"frame":790,"values":[-1,0,0,0,0,-0.0841,0.9965,0,0,0.9965,0.0841,0,0,0.5107,0.0682,1]},
{"frame":791,"values":[-1,0,0,0,0,-0.0825,0.9966,0,0,0.9966,0.0825,0,0,0.5107,0.0682,1]},
{"frame":792,"values":[-1,0,0,0,0,-0.0809,0.9967,0,0,0.9967,0.0809,0,0,0.5107,0.0682,1]},
{"frame":793,"values":[-1,0,0,0,0,-0.0795,0.9968,0,0,0.9968,0.0795,0,0,0.5107,0.0682,1]},
{"frame":794,"values":[-1,0,0,0,0,-0.0782,0.9969,0,0,0.9969,0.0782,0,0,0.5107,0.0682,1]},
{"frame":795,"values":[-1,0,0,0,0,-0.0771,0.997,0,0,0.997,0.0771,0,0,0.5107,0.0682,1]},
{"frame":796,"values":[-1,0,0,0,0,-0.0762,0.9971,0,0,0.9971,0.0762,0,0,0.5107,0.0682,1]},
{"frame":797,"values":[-1,0,0,0,0,-0.0754,0.9972,0,0,0.9972,0.0754,0,0,0.5107,0.0682,1]},
{"frame":798,"values":[-1,0,0,0,0,-0.0749,0.9972,0,0,0.9972,0.0749,0,0,0.5107,0.0682,1]},
{"frame":799,"values":[-1,0,0,0,0,-0.0745,0.9972,0,0,0.9972,0.0745,0,0,0.5107,0.0682,1]},
{"frame":800,"values":[-1,0,0,0,0,-0.0742,0.9972,0,0,0.9972,0.0742,0,0,0.5107,0.0682,1]},
{"frame":802,"values":[-1,0,0,0,0,-0.0743,0.9972,0,0,0.9972,0.0743,0,0,0.5107,0.0682,1]},
{"frame":803,"values":[-1,0,0,0,0,-0.0745,0.9972,0,0,0.9972,0.0745,0,0,0.5107,0.0682,1]},
{"frame":804,"values":[-1,0,0,0,0,-0.0748,0.9972,0,0,0.9972,0.0748,0,0,0.5107,0.0682,1]},
{"frame":805,"values":[-1,0,0,0,0,-0.0753,0.9972,0,0,0.9972,0.0753,0,0,0.5107,0.0682,1]},
{"frame":806,"values":[-1,0,0,0,0,-0.0759,0.9971,0,0,0.9971,0.0759,0,0,0.5107,0.0682,1]},
{"frame":807,"values":[-1,0,0,0,0,-0.0766,0.9971,0,0,0.9971,0.0766,0,0,0.5107,0.0682,1]},
{"frame":808,"values":[-1,0,0,0,0,-0.0775,0.997,0,0,0.997,0.0775,0,0,0.5107,0.0682,1]},
{"frame":809,"values":[-1,0,0,0,0,-0.0785,0.9969,0,0,0.9969,0.0785,0,0,0.5107,0.0682,1]},
{"frame":810,"values":[-1,0,0,0,0,-0.0796,0.9968,0,0,0.9968,0.0796,0,0,0.5107,0.0682,1]},
{"frame":811,"values":[-1,0,0,0,0,-0.0808,0.9967,0,0,0.9967,0.0808,0,0,0.5107,0.0682,1]},
{"frame":812,"values":[-1,0,0,0,0,-0.0821,0.9966,0,0,0.9966,0.0821,0,0,0.5107,0.0682,1]},
{"frame":813,"values":[-1,0,0,0,0,-0.0835,0.9965,0,0,0.9965,0.0835,0,0,0.5107,0.0682,1]},
{"frame":814,"values":[-1,0,0,0,0,-0.0849,0.9964,0,0,0.9964,0.0849,0,0,0.5107,0.0682,1]},
{"frame":815,"values":[-1,0,0,0,0,-0.0865,0.9963,0,0,0.9963,0.0865,0,0,0.5107,0.0682,1]},
{"frame":816,"values":[-1,0,0,0,0,-0.088,0.9961,0,0,0.9961,0.088,0,0,0.5107,0.0682,1]},
{"frame":817,"values":[-1,0,0,0,0,-0.0897,0.996,0,0,0.996,0.0897,0,0,0.5107,0.0682,1]},
{"frame":818,"values":[-1,0,0,0,0,-0.0913,0.9958,0,0,0.9958,0.0913,0,0,0.5107,0.0682,1]},
{"frame":819,"values":[-1,0,0,0,0,-0.0929,0.9957,0,0,0.9957,0.0929,0,0,0.5107,0.0682,1]},
{"frame":820,"values":[-1,0,0,0,0,-0.0946,0.9955,0,0,0.9955,0.0946,0,0,0.5107,0.0682,1]},
{"frame":821,"values":[-1,0,0,0,0,-0.0961,0.9954,0,0,0.9954,0.0961,0,0,0.5107,0.0682,1]},
{"frame":822,"values":[-1,0,0,0,0,-0.0977,0.9952,0,0,0.9952,0.0977,0,0,0.5107,0.0682,1]},
{"frame":823,"values":[-1,0,0,0,0,-0.0992,0.9951,0,0,0.9951,0.0992,0,0,0.5107,0.0682,1]},
{"frame":824,"values":[-1,0,0,0,0,-0.1006,0.9949,0,0,0.9949,0.1006,0,0,0.5107,0.0682,1]},
{"frame":825,"values":[-1,0,0,0,0,-0.1019,0.9948,0,0,0.9948,0.1019,0,0,0.5107,0.0682,1]},
{"frame":826,"values":[-1,0,0,0,0,-0.1032,0.9947,0,0,0.9947,0.1032,0,0,0.5107,0.0682,1]},
{"frame":827,"values":[-1,0,0,0,0,-0.1043,0.9945,0,0,0.9945,0.1043,0,0,0.5107,0.0682,1]},
{"frame":828,"values":[-1,0,0,0,0,-0.1053,0.9944,0,0,0.9944,0.1053,0,0,0.5107,0.0682,1]},
{"frame":829,"values":[-1,0,0,0,0,-0.1062,0.9943,0,0,0.9943,0.1062,0,0,0.5107,0.0682,1]},
{"frame":830,"values":[-1,0,0,0,0,-0.107,0.9943,0,0,0.9943,0.107,0,0,0.5107,0.0682,1]},
{"frame":831,"values":[-1,0,0,0,0,-0.1076,0.9942,0,0,0.9942,0.1076,0,0,0.5107,0.0682,1]},
{"frame":832,"values":[-1,0,0,0,0,-0.1081,0.9941,0,0,0.9941,0.1081,0,0,0.5107,0.0682,1]},
{"frame":833,"values":[-1,0,0,0,0,-0.1085,0.9941,0,0,0.9941,0.1085,0,0,0.5107,0.0682,1]},
{"frame":834,"values":[-1,0,0,0,0,-0.1088,0.9941,0,0,0.9941,0.1088,0,0,0.5107,0.0682,1]},
{"frame":835,"values":[-1,0,0,0,0,-0.1089,0.9941,0,0,0.9941,0.1089,0,0,0.5107,0.0682,1]},
{"frame":837,"values":[-1,0,0,0,0,-0.1087,0.9941,0,0,0.9941,0.1087,0,0,0.5107,0.0682,1]},
{"frame":838,"values":[-1,0,0,0,0,-0.1084,0.9941,0,0,0.9941,0.1084,0,0,0.5107,0.0682,1]},
{"frame":839,"values":[-1,0,0,0,0,-0.1079,0.9942,0,0,0.9942,0.1079,0,0,0.5107,0.0682,1]},
{"frame":840,"values":[-1,0,0,0,0,-0.1072,0.9942,0,0,0.9942,0.1072,0,0,0.5107,0.0682,1]},
{"frame":841,"values":[-1,0,0,0,0,-0.1063,0.9943,0,0,0.9943,0.1063,0,0,0.5107,0.0682,1]},
{"frame":842,"values":[-1,0,0,0,0,-0.1053,0.9944,0,0,0.9944,0.1053,0,0,0.5107,0.0682,1]},
{"frame":843,"values":[-1,0,0,0,0,-0.104,0.9946,0,0,0.9946,0.104,0,0,0.5107,0.0682,1]},
{"frame":844,"values":[-1,0,0,0,0,-0.1027,0.9947,0,0,0.9947,0.1027,0,0,0.5107,0.0682,1]},
{"frame":845,"values":[-1,0,0,0,0,-0.1012,0.9949,0,0,0.9949,0.1012,0,0,0.5107,0.0682,1]},
{"frame":846,"values":[-1,0,0,0,0,-0.0995,0.995,0,0,0.995,0.0995,0,0,0.5107,0.0682,1]},
{"frame":847,"values":[-1,0,0,0,0,-0.0978,0.9952,0,0,0.9952,0.0978,0,0,0.5107,0.0682,1]},
{"frame":848,"values":[-1,0,0,0,0,-0.096,0.9954,0,0,0.9954,0.096,0,0,0.5107,0.0682,1]},
{"frame":849,"values":[-1,0,0,0,0,-0.0941,0.9956,0,0,0.9956,0.0941,0,0,0.5107,0.0682,1]},
{"frame":850,"values":[-1,0,0,0,0,-0.0922,0.9957,0,0,0.9957,0.0922,0,0,0.5107,0.0682,1]},
{"frame":851,"values":[-1,0,0,0,0,-0.0903,0.9959,0,0,0.9959,0.0903,0,0,0.5107,0.0682,1]},
{"frame":852,"values":[-1,0,0,0,0,-0.0883,0.9961,0,0,0.9961,0.0883,0,0,0.5107,0.0682,1]},
{"frame":853,"values":[-1,0,0,0,0,-0.0865,0.9963,0,0,0.9963,0.0865,0,0,0.5107,0.0682,1]},
{"frame":854,"values":[-1,0,0,0,0,-0.0847,0.9964,0,0,0.9964,0.0847,0,0,0.5107,0.0682,1]},
{"frame":855,"values":[-1,0,0,0,0,-0.083,0.9966,0,0,0.9966,0.083,0,0,0.5107,0.0682,1]},
{"frame":856,"values":[-1,0,0,0,0,-0.0814,0.9967,0,0,0.9967,0.0814,0,0,0.5107,0.0682,1]},
{"frame":857,"values":[-1,0,0,0,0,-0.0799,0.9968,0,0,0.9968,0.0799,0,0,0.5107,0.0682,1]},
{"frame":858,"values":[-1,0,0,0,0,-0.0786,0.9969,0,0,0.9969,0.0786,0,0,0.5107,0.0682,1]},
{"frame":859,"values":[-1,0,0,0,0,-0.0775,0.997,0,0,0.997,0.0775,0,0,0.5107,0.0682,1]},
{"frame":860,"values":[-1,0,0,0,0,-0.0765,0.9971,0,0,0.9971,0.0765,0,0,0.5107,0.0682,1]},
{"frame":861,"values":[-1,0,0,0,0,-0.0757,0.9971,0,0,0.9971,0.0757,0,0,0.5107,0.0682,1]},
{"frame":862,"values":[-1,0,0,0,0,-0.075,0.9972,0,0,0.9972,0.075,0,0,0.5107,0.0682,1]},
{"frame":863,"values":[-1,0,0,0,0,-0.0746,0.9972,0,0,0.9972,0.0746,0,0,0.5107,0.0682,1]},
{"frame":864,"values":[-1,0,0,0,0,-0.0743,0.9972,0,0,0.9972,0.0743,0,0,0.5107,0.0682,1]},
{"frame":865,"values":[-1,0,0,0,0,-0.0742,0.9972,0,0,0.9972,0.0742,0,0,0.5107,0.0682,1]},
{"frame":867,"values":[-1,0,0,0,0,-0.0744,0.9972,0,0,0.9972,0.0744,0,0,0.5107,0.0682,1]},
{"frame":868,"values":[-1,0,0,0,0,-0.0747,0.9972,0,0,0.9972,0.0747,0,0,0.5107,0.0682,1]},
{"frame":869,"values":[-1,0,0,0,0,-0.0751,0.9972,0,0,0.9972,0.0751,0,0,0.5107,0.0682,1]},
{"frame":870,"values":[-1,0,0,0,0,-0.0757,0.9971,0,0,0.9971,0.0757,0,0,0.5107,0.0682,1]},
{"frame":871,"values":[-1,0,0,0,0,-0.0764,0.9971,0,0,0.9971,0.0764,0,0,0.5107,0.0682,1]},
{"frame":872,"values":[-1,0,0,0,0,-0.0772,0.997,0,0,0.997,0.0772,0,0,0.5107,0.0682,1]},
{"frame":873,"values":[-1,0,0,0,0,-0.0782,0.9969,0,0,0.9969,0.0782,0,0,0.5107,0.0682,1]},
{"frame":874,"values":[-1,0,0,0,0,-0.0792,0.9969,0,0,0.9969,0.0792,0,0,0.5107,0.0682,1]},
{"frame":875,"values":[-1,0,0,0,0,-0.0804,0.9968,0,0,0.9968,0.0804,0,0,0.5107,0.0682,1]},
{"frame":876,"values":[-1,0,0,0,0,-0.0817,0.9967,0,0,0.9967,0.0817,0,0,0.5107,0.0682,1]},
{"frame":877,"values":[-1,0,0,0,0,-0.083,0.9965,0,0,0.9965,0.083,0,0,0.5107,0.0682,1]},
{"frame":878,"values":[-1,0,0,0,0,-0.0845,0.9964,0,0,0.9964,0.0845,0,0,0.5107,0.0682,1]},
{"frame":879,"values":[-1,0,0,0,0,-0.086,0.9963,0,0,0.9963,0.086,0,0,0.5107,0.0682,1]},
{"frame":880,"values":[-1,0,0,0,0,-0.0875,0.9962,0,0,0.9962,0.0875,0,0,0.5107,0.0682,1]},
{"frame":881,"values":[-1,0,0,0,0,-0.0892,0.996,0,0,0.996,0.0892,0,0,0.5107,0.0682,1]},
{"frame":882,"values":[-1,0,0,0,0,-0.0908,0.9959,0,0,0.9959,0.0908,0,0,0.5107,0.0682,1]},
{"frame":883,"values":[-1,0,0,0,0,-0.0924,0.9957,0,0,0.9957,0.0924,0,0,0.5107,0.0682,1]},
{"frame":884,"values":[-1,0,0,0,0,-0.0941,0.9956,0,0,0.9956,0.0941,0,0,0.5107,0.0682,1]},
{"frame":885,"values":[-1,0,0,0,0,-0.0957,0.9954,0,0,0.9954,0.0957,0,0,0.5107,0.0682,1]},
{"frame":886,"values":[-1,0,0,0,0,-0.0972,0.9953,0,0,0.9953,0.0972,0,0,0.5107,0.0682,1]},
{"frame":887,"values":[-1,0,0,0,0,-0.0987,0.9951,0,0,0.9951,0.0987,0,0,0.5107,0.0682,1]},
{"frame":888,"values":[-1,0,0,0,0,-0.1002,0.995,0,0,0.995,0.1002,0,0,0.5107,0.0682,1]},
